0 0
1 19.083075583526465
2 19.083075583526465
3 19.88444894228756
4 20.62898874484056
5 21.37226008829154
6 26.06578370306527
7 26.06578370306527
8 26.06578370306527
9 26.06578370306527
10 26.06578370306527
11 26.06578370306527
12 26.06578370306527
13 26.06578370306527
14 26.06578370306527
15 26.06578370306527
16 26.06578370306527
17 26.06578370306527
18 26.06578370306527
19 26.06578370306527
20 26.06578370306527
21 26.06578370306527
22 26.114734677371242
23 26.114734677371242
24 26.114734677371242
25 26.114734677371242
26 26.114734677371242
27 26.114734677371242
28 26.114734677371242
29 26.114734677371242
30 26.114734677371242
31 26.114734677371242
32 26.114734677371242
33 26.114734677371242
34 33.24672326568376
35 33.24672326568376
36 33.24672326568376
37 33.24672326568376
38 33.24672326568376
39 33.24672326568376
40 33.24672326568376
41 33.24672326568376
42 33.24672326568376
43 33.24672326568376
44 33.24672326568376
45 33.24672326568376
46 33.24672326568376
47 33.24672326568376
48 33.24672326568376
49 33.24672326568376
50 33.24672326568376
51 33.24672326568376
52 33.24672326568376
53 33.24672326568376
54 33.24672326568376
55 33.24672326568376
56 33.24672326568376
57 34.87436398504769
58 34.87436398504769
59 34.87436398504769
60 34.87436398504769
61 34.87436398504769
62 34.87436398504769
63 34.87436398504769
64 34.87436398504769
65 34.87436398504769
66 34.87436398504769
67 35.30602251857899
68 35.30602251857899
69 35.30602251857899
70 35.30602251857899
71 35.30602251857899
72 35.30602251857899
73 35.30602251857899
74 35.30602251857899
75 35.30602251857899
76 35.30602251857899
77 35.30602251857899
78 35.30602251857899
79 35.30602251857899
80 35.30602251857899
81 35.30602251857899
82 35.30602251857899
83 35.30602251857899
84 35.30602251857899
85 35.36399397496128
86 35.36399397496128
87 35.36399397496128
88 35.36399397496128
89 35.80152686142666
90 35.80152686142666
91 35.80152686142666
92 35.80152686142666
93 35.80152686142666
94 35.80152686142666
95 35.80152686142666
96 35.80152686142666
97 35.80152686142666
98 35.80152686142666
99 35.80152686142666
100 35.80152686142666
101 35.80152686142666
102 35.80152686142666
103 35.80152686142666
104 35.80152686142666
105 35.80152686142666
106 35.80152686142666
107 35.80152686142666
108 35.80152686142666
109 35.80152686142666
110 35.80152686142666
111 35.80152686142666
112 35.80152686142666
113 35.80152686142666
114 35.80152686142666
115 35.80152686142666
116 35.80152686142666
117 35.80152686142666
118 35.80152686142666
119 35.80152686142666
120 35.80152686142666
121 35.80152686142666
122 35.80152686142666
123 35.80152686142666
124 35.80152686142666
125 35.80152686142666
126 35.80152686142666
127 35.80152686142666
128 35.80152686142666
129 35.80152686142666
130 35.80152686142666
131 35.80152686142666
132 35.80152686142666
133 35.80152686142666
134 35.80152686142666
135 35.80152686142666
136 35.80152686142666
137 35.80152686142666
138 35.80152686142666
139 35.80152686142666
140 35.80152686142666
141 35.80152686142666
142 35.80152686142666
143 35.80152686142666
144 35.80152686142666
145 35.80152686142666
146 35.80152686142666
147 35.80152686142666
148 35.80152686142666
149 35.80152686142666
150 35.80152686142666
151 35.80152686142666
152 35.80152686142666
153 35.80152686142666
154 35.80152686142666
155 35.80152686142666
156 35.80152686142666
157 35.80152686142666
158 35.80152686142666
159 35.80152686142666
160 35.80152686142666
161 35.80152686142666
162 35.80152686142666
163 35.80152686142666
164 35.80152686142666
165 35.80152686142666
166 35.80152686142666
167 35.80152686142666
168 35.80152686142666
169 35.80152686142666
170 35.80152686142666
171 35.80152686142666
172 35.80152686142666
173 35.80152686142666
174 35.80152686142666
175 35.80152686142666
176 35.80152686142666
177 35.80152686142666
178 35.80152686142666
179 35.80152686142666
180 35.80152686142666
181 35.80152686142666
182 35.80152686142666
183 35.80152686142666
184 35.80152686142666
185 35.80152686142666
186 35.80152686142666
187 35.80152686142666
188 35.80152686142666
189 35.80152686142666
190 35.80152686142666
191 35.80152686142666
192 35.80152686142666
193 35.80152686142666
194 35.80152686142666
195 35.80152686142666
196 35.80152686142666
197 35.80152686142666
198 35.80152686142666
199 35.80152686142666
200 35.80152686142666
201 35.80152686142666
202 35.80152686142666
203 35.80152686142666
204 35.80152686142666
205 35.80152686142666
206 35.80152686142666
207 35.80152686142666
208 35.80152686142666
209 35.80152686142666
210 35.80152686142666
211 35.80152686142666
212 35.80152686142666
213 35.80152686142666
214 35.80152686142666
215 35.80152686142666
216 35.80152686142666
217 35.80152686142666
218 35.80152686142666
219 35.80152686142666
220 35.80152686142666
221 35.80152686142666
222 35.80152686142666
223 35.80152686142666
224 35.80152686142666
225 35.80152686142666
226 35.80152686142666
227 35.80152686142666
228 35.80152686142666
229 35.80152686142666
230 35.80152686142666
231 35.80152686142666
232 35.80152686142666
233 35.80152686142666
234 35.80152686142666
235 35.80152686142666
236 35.80152686142666
237 35.80152686142666
238 35.80152686142666
239 35.80152686142666
240 35.80152686142666
241 35.80152686142666
242 35.80152686142666
243 35.80152686142666
244 35.80152686142666
245 35.80152686142666
246 35.80152686142666
247 35.80152686142666
248 35.80152686142666
249 35.80152686142666
250 35.80152686142666
251 35.80152686142666
252 35.80152686142666
253 35.80152686142666
254 35.80152686142666
255 35.80152686142666
256 35.80152686142666
257 35.80152686142666
258 35.80152686142666
259 35.80152686142666
260 35.80152686142666
261 35.80152686142666
262 35.80152686142666
263 35.80152686142666
264 35.80152686142666
265 35.80152686142666
266 35.80152686142666
267 35.80152686142666
268 35.80152686142666
269 35.80152686142666
270 35.80152686142666
271 35.80152686142666
272 35.80152686142666
273 35.80152686142666
274 35.80152686142666
275 35.80152686142666
276 35.81644548914926
277 35.81644548914926
278 35.81644548914926
279 35.81644548914926
280 35.81644548914926
281 35.81644548914926
282 35.81644548914926
283 35.81644548914926
284 35.81644548914926
285 35.81644548914926
286 35.81644548914926
287 35.81644548914926
288 35.81644548914926
289 35.81644548914926
290 35.81644548914926
291 35.81644548914926
292 35.81644548914926
293 37.40404339879524
294 37.40404339879524
295 37.40404339879524
296 37.40404339879524
297 37.40404339879524
298 37.40404339879524
299 37.40404339879524
300 37.40404339879524
301 37.40404339879524
302 37.40404339879524
303 37.40404339879524
304 37.40404339879524
305 37.40404339879524
306 37.40404339879524
307 37.40404339879524
308 37.40404339879524
309 37.40404339879524
310 37.40404339879524
311 37.40404339879524
312 37.40404339879524
313 37.40404339879524
314 37.40404339879524
315 37.40404339879524
316 37.40404339879524
317 37.40404339879524
318 37.40404339879524
319 37.40404339879524
320 37.40404339879524
321 37.40404339879524
322 37.40404339879524
323 37.40404339879524
324 37.40404339879524
325 37.40404339879524
326 37.40404339879524
327 37.40404339879524
328 37.40404339879524
329 37.40404339879524
330 37.40404339879524
331 37.40404339879524
332 37.40404339879524
333 37.40404339879524
334 37.40404339879524
335 37.40404339879524
336 37.40404339879524
337 37.40404339879524
338 37.40404339879524
339 37.40404339879524
340 37.40404339879524
341 37.40404339879524
342 37.40404339879524
343 37.40404339879524
344 37.40404339879524
345 37.40404339879524
346 38.32752560283736
347 38.32752560283736
348 38.32752560283736
349 38.32752560283736
350 38.32752560283736
351 38.32752560283736
352 38.32752560283736
353 38.32752560283736
354 38.32752560283736
355 38.32752560283736
356 38.32752560283736
357 38.32752560283736
358 38.32752560283736
359 38.32752560283736
360 38.32752560283736
361 38.32752560283736
362 38.32752560283736
363 38.32752560283736
364 38.32752560283736
365 38.32752560283736
366 38.32752560283736
367 38.32752560283736
368 38.32752560283736
369 38.32752560283736
370 38.32752560283736
371 38.32752560283736
372 38.32752560283736
373 38.32752560283736
374 38.32752560283736
375 38.32752560283736
376 38.32752560283736
377 38.32752560283736
378 38.32752560283736
379 38.32752560283736
380 38.32752560283736
381 38.32752560283736
382 38.32752560283736
383 38.32752560283736
384 38.32752560283736
385 38.32752560283736
386 38.32752560283736
387 38.32752560283736
388 38.32752560283736
389 38.32752560283736
390 38.32752560283736
391 38.32752560283736
392 38.32752560283736
393 38.32752560283736
394 38.32752560283736
395 38.32752560283736
396 38.32752560283736
397 38.32752560283736
398 38.32752560283736
399 38.32752560283736
400 38.32752560283736
401 38.32752560283736
402 38.32752560283736
403 50.39783999790004
404 50.39783999790004
405 50.39783999790004
406 50.39783999790004
407 50.39783999790004
408 50.39783999790004
409 50.39783999790004
410 50.39783999790004
411 50.39783999790004
412 50.39783999790004
413 50.39783999790004
414 50.39783999790004
415 50.39783999790004
416 50.981535554538304
417 50.981535554538304
418 50.981535554538304
419 50.981535554538304
420 50.981535554538304
421 50.981535554538304
422 50.981535554538304
423 50.981535554538304
424 50.981535554538304
425 50.981535554538304
426 50.981535554538304
427 50.981535554538304
428 50.981535554538304
429 50.981535554538304
430 50.981535554538304
431 50.981535554538304
432 50.981535554538304
433 50.981535554538304
434 64.49121218700301
435 64.49121218700301
436 64.49121218700301
437 64.49121218700301
438 64.49121218700301
439 64.49121218700301
440 64.49121218700301
441 64.49121218700301
442 64.49121218700301
443 64.49121218700301
444 64.49121218700301
445 64.49121218700301
446 64.49121218700301
447 64.49121218700301
448 64.49121218700301
449 64.49121218700301
450 64.49121218700301
451 64.49121218700301
452 64.49121218700301
453 64.49121218700301
454 64.49121218700301
455 64.49121218700301
456 64.49121218700301
457 64.49121218700301
458 64.49121218700301
459 64.49121218700301
460 64.49121218700301
461 64.49121218700301
462 64.49121218700301
463 64.49121218700301
464 64.49121218700301
465 64.49121218700301
466 64.49121218700301
467 64.49121218700301
468 64.49121218700301
469 64.49121218700301
470 64.49121218700301
471 64.49121218700301
472 64.49121218700301
473 64.49121218700301
474 64.49121218700301
475 64.49121218700301
476 64.49121218700301
477 64.49121218700301
478 64.49121218700301
479 64.49121218700301
480 64.49121218700301
481 64.49121218700301
482 64.49121218700301
483 64.49121218700301
484 64.49121218700301
485 64.49121218700301
486 64.49121218700301
487 64.49121218700301
488 64.49121218700301
489 64.49121218700301
490 64.49121218700301
491 64.49121218700301
492 64.49121218700301
493 64.49121218700301
494 64.49121218700301
495 64.49121218700301
496 64.49121218700301
497 64.49121218700301
498 64.49121218700301
499 64.49121218700301
500 64.49121218700301
501 64.49121218700301
502 64.49121218700301
503 64.49121218700301
504 64.49121218700301
505 64.49121218700301
506 64.49121218700301
507 64.49121218700301
508 64.49121218700301
509 64.49121218700301
510 64.49121218700301
511 64.49121218700301
512 64.49121218700301
513 64.49121218700301
514 64.49121218700301
515 64.49121218700301
516 64.49121218700301
517 64.49121218700301
518 64.49121218700301
519 64.49121218700301
520 64.49121218700301
521 64.49121218700301
522 64.49121218700301
523 64.49121218700301
524 64.49121218700301
525 64.49121218700301
526 64.49121218700301
527 64.49121218700301
528 64.49121218700301
529 64.49121218700301
530 64.49121218700301
531 64.49121218700301
532 64.49121218700301
533 64.49121218700301
534 64.49121218700301
535 64.49121218700301
536 64.49121218700301
537 64.49121218700301
538 64.49121218700301
539 64.49121218700301
540 64.49121218700301
541 64.49121218700301
542 64.49121218700301
543 64.49121218700301
544 64.49121218700301
545 64.49121218700301
546 64.49121218700301
547 64.49121218700301
548 64.49121218700301
549 64.49121218700301
550 64.49121218700301
551 64.49121218700301
552 64.49121218700301
553 64.49121218700301
554 64.49121218700301
555 64.53345612377102
556 64.53345612377102
557 64.53345612377102
558 64.53345612377102
559 64.53345612377102
560 64.53345612377102
561 64.53345612377102
562 64.53345612377102
563 64.53345612377102
564 64.53345612377102
565 64.53345612377102
566 64.53345612377102
567 64.53345612377102
568 64.53345612377102
