0 0
1 16.83065851818919
2 16.83065851818919
3 16.842401151738805
4 17.43538055873397
5 17.79037233730638
6 17.79037233730638
7 17.79037233730638
8 17.79037233730638
9 18.550116665350135
10 22.653113547073577
11 22.897339078145173
12 22.897339078145173
13 22.897339078145173
14 23.620066882179415
15 23.620066882179415
16 24.531397545820653
17 24.531397545820653
18 24.531397545820653
19 24.531397545820653
20 24.531397545820653
21 24.531397545820653
22 24.867423755476125
23 24.867423755476125
24 27.534754753124812
25 27.534754753124812
26 27.534754753124812
27 46.098139867715695
28 46.098139867715695
29 46.098139867715695
30 46.098139867715695
31 46.098139867715695
32 46.098139867715695
33 48.68068279001976
34 48.68068279001976
35 48.88551318411953
36 48.88551318411953
37 48.88551318411953
38 48.88551318411953
39 51.057975599501425
40 51.057975599501425
41 51.057975599501425
42 51.54566792263881
43 51.54566792263881
44 51.54566792263881
45 51.54566792263881
46 51.7853991309803
47 51.7853991309803
48 51.7853991309803
49 51.7853991309803
50 51.7853991309803
51 51.7853991309803
52 51.7853991309803
53 51.88097389890143
54 58.60840263935938
55 58.60840263935938
56 58.60840263935938
57 139.29036793464797
58 139.29036793464797
59 139.29036793464797
60 139.29036793464797
61 139.29036793464797
62 139.29036793464797
63 139.29036793464797
64 139.29036793464797
65 139.29036793464797
66 139.29036793464797
67 139.29036793464797
68 139.29036793464797
69 139.29036793464797
70 139.29036793464797
71 139.29036793464797
72 139.29036793464797
73 139.29036793464797
74 139.29036793464797
75 139.29036793464797
76 139.29036793464797
77 139.29036793464797
78 139.29036793464797
79 316.6766619591943
80 316.6766619591943
81 316.6766619591943
82 316.6766619591943
83 316.6766619591943
84 316.8401501055567
85 316.8401501055567
86 316.8401501055567
87 316.8401501055567
88 316.8401501055567
89 316.8401501055567
90 316.8401501055567
91 316.8401501055567
92 316.8401501055567
93 316.9058591560094
94 316.9058591560094
95 322.14924728661856
96 322.14924728661856
97 322.14924728661856
98 322.14924728661856
99 322.14924728661856
100 322.44049572482396
101 322.44049572482396
102 322.44049572482396
103 322.4844856348537
104 322.58660756866044
105 322.58660756866044
106 322.58660756866044
107 322.58660756866044
108 322.58660756866044
109 322.58660756866044
110 322.58660756866044
111 322.58660756866044
112 322.58660756866044
113 322.62954421648277
114 322.62954421648277
115 322.69526157528077
116 322.69526157528077
117 322.69526157528077
118 322.69526157528077
119 322.69526157528077
120 322.69526157528077
121 322.69526157528077
122 322.69526157528077
123 322.69526157528077
124 322.69526157528077
125 322.69526157528077
126 322.69526157528077
127 322.69526157528077
128 322.69526157528077
129 322.69526157528077
130 322.69526157528077
131 322.69526157528077
132 322.69526157528077
133 322.69526157528077
134 322.69526157528077
135 322.69526157528077
136 322.69526157528077
137 322.69526157528077
138 322.69526157528077
139 322.7203237882962
140 322.7203237882962
141 322.7203237882962
142 322.7203237882962
143 322.7203237882962
144 322.7203237882962
145 322.7203237882962
146 322.7203237882962
147 322.7203237882962
148 322.7203237882962
149 322.7203237882962
150 322.7203237882962
151 322.7203237882962
152 322.7203237882962
153 322.7203237882962
154 322.7203237882962
155 322.7203237882962
156 322.7203237882962
157 322.7203237882962
158 322.7203237882962
159 322.7203237882962
160 322.7203237882962
161 322.7203237882962
162 322.7203237882962
163 322.7203237882962
164 322.7203237882962
165 322.7203237882962
166 322.7203237882962
167 322.7203237882962
168 322.7203237882962
169 322.7203237882962
170 322.7763100911686
171 322.7763100911686
172 322.7763100911686
173 322.7763100911686
174 322.7763100911686
175 322.7763100911686
176 322.7763100911686
177 322.7763100911686
178 322.7763100911686
179 322.7763100911686
180 322.7763100911686
181 322.7763100911686
182 322.7763100911686
183 322.7763100911686
184 322.7763100911686
185 322.7763100911686
186 322.7763100911686
187 322.7763100911686
188 322.7763100911686
189 322.7763100911686
190 322.7763100911686
191 322.7763100911686
192 322.7763100911686
193 322.7763100911686
194 322.7763100911686
195 322.7763100911686
196 322.7763100911686
197 322.7763100911686
198 322.7763100911686
199 322.7763100911686
200 322.7763100911686
201 322.7763100911686
202 322.7763100911686
203 322.7763100911686
204 322.7763100911686
205 322.7763100911686
206 322.827534401243
207 322.827534401243
208 322.827534401243
209 322.827534401243
210 322.827534401243
211 322.827534401243
212 322.827534401243
213 322.827534401243
214 322.827534401243
215 322.827534401243
216 322.827534401243
217 322.827534401243
218 322.827534401243
219 322.827534401243
220 322.827534401243
221 322.827534401243
222 322.827534401243
223 322.827534401243
224 322.827534401243
225 322.827534401243
226 322.827534401243
227 322.827534401243
228 322.827534401243
229 322.827534401243
230 322.827534401243
231 322.827534401243
232 322.827534401243
233 322.827534401243
234 322.827534401243
235 322.827534401243
236 322.827534401243
237 322.827534401243
238 322.827534401243
239 322.827534401243
240 322.827534401243
241 322.827534401243
242 322.827534401243
243 322.827534401243
244 322.827534401243
245 322.827534401243
246 322.827534401243
247 322.827534401243
248 322.827534401243
249 322.827534401243
250 322.827534401243
251 322.827534401243
252 322.827534401243
253 322.827534401243
254 322.827534401243
255 322.827534401243
256 322.827534401243
257 322.827534401243
258 322.827534401243
259 322.827534401243
260 322.827534401243
261 322.827534401243
262 322.827534401243
263 322.827534401243
264 322.827534401243
265 322.827534401243
266 322.827534401243
267 322.827534401243
268 322.827534401243
269 322.827534401243
270 322.827534401243
271 322.827534401243
272 322.827534401243
273 322.827534401243
274 322.827534401243
275 322.827534401243
276 322.827534401243
277 322.827534401243
278 322.827534401243
279 322.827534401243
280 322.827534401243
281 322.827534401243
282 322.827534401243
283 322.827534401243
284 322.827534401243
285 322.827534401243
286 322.827534401243
287 322.827534401243
288 322.827534401243
289 322.827534401243
290 322.827534401243
291 322.827534401243
292 322.827534401243
293 322.827534401243
294 322.827534401243
295 322.827534401243
296 322.827534401243
297 322.827534401243
298 322.827534401243
299 322.827534401243
300 322.827534401243
301 322.827534401243
302 322.827534401243
303 322.827534401243
304 322.827534401243
305 322.827534401243
306 322.827534401243
307 322.827534401243
308 322.827534401243
309 322.827534401243
310 322.827534401243
311 322.827534401243
312 322.827534401243
